103101951277
103101951277
105011929480
105021928369
105081946013
106031946378
106031950044
106111935082
108121931192
113071929500
114011934254
114011943366
114071934062
115041956139
115071949020
115091952175
116041926299
119011927332
119051933127
121121945454
124021949408
127031950106
128031952471
128041940190
128051941091
130121931054
201111946456
204071942086
206071951393
206091932493
207021946129
220101952199
224081936483
226041931450
227091936401
2015_RUNDMC_004
2015_RUNDMC_072
2015_RUNDMC_169
2015_RUNDMC_330
